# DESI-1297 GFA Filter verification data
# T% at AOI 0 deg.
# Wavelength(nm), No.1, No.2 No.3

1100	0.02984316088	0.02912560292	0.02913486585
1099	0.02782276645	0.02711219341	0.02709404193
1098	0.02594231069	0.02533030882	0.02526409738
1097	0.02424741164	0.02376341633	0.02377059683
1096	0.02276698127	0.0222626701	0.0222600773
1095	0.02126728743	0.02074737847	0.02077000961
1094	0.01994053647	0.01947929338	0.01946427859
1093	0.01876405813	0.01834528334	0.01829471998
1092	0.01754635386	0.01710084639	0.01713843457
1091	0.01642509364	0.0160848666	0.01604921184
1090	0.01550161652	0.01514482405	0.01518778317
1089	0.01461638417	0.01428434439	0.0143285729
1088	0.01374985278	0.0134914564	0.01347815245
1087	0.01287946757	0.01266803127	0.01267297473
1086	0.01226381399	0.01199999638	0.01201677509
1085	0.01154914219	0.01131320093	0.01129646972
1084	0.01097799186	0.01080855262	0.01076720748
1083	0.01038796362	0.01016250905	0.01015835628
1082	0.009832128882	0.00964526739	0.009673510678
1081	0.009313262999	0.009202247486	0.009169787169
1080	0.008903807029	0.008753819391	0.008709060028
1079	0.008460201323	0.008338843472	0.008348278701
1078	0.008068855852	0.007865089923	0.0079017682
1077	0.0076148035	0.007529492024	0.007529603317
1076	0.007379301824	0.007267120294	0.007313179784
1075	0.007054461632	0.006889568642	0.006888406817
1074	0.006778999697	0.006658370607	0.006593073253
1073	0.006429210771	0.006364325061	0.006381506566
1072	0.006200092845	0.006057526451	0.006042092107
1071	0.005939762108	0.005902046803	0.005882705096
1070	0.005693747662	0.005639142357	0.005669873208
1069	0.005472063087	0.005425435491	0.005414539017
1068	0.005336989649	0.005261650775	0.005272455513
1067	0.005082031712	0.005118901376	0.005052001681
1066	0.004845086019	0.00481399009	0.004829789512
1065	0.004769524559	0.004745649174	0.004678120837
1064	0.004603402689	0.004474452697	0.004527739249
1063	0.004338192753	0.004368042108	0.004326407332
1062	0.004349122755	0.004315864295	0.004303429741
1061	0.004099891987	0.004029589705	0.004067908973
1060	0.004007116891	0.003961334936	0.003954624292
1059	0.003883874044	0.003873103997	0.003843753831
1058	0.003736182814	0.003650671337	0.003703379072
1057	0.003583091078	0.003514593933	0.003499606391
1056	0.003419953398	0.003364158794	0.003409734461
1055	0.003360632807	0.003311048262	0.003278536955
1054	0.003278719727	0.003210190684	0.003255970776
1053	0.003214163007	0.003223835258	0.003141497727
1052	0.00312164519	0.003089016536	0.003059945069
1051	0.002987241372	0.002968387911	0.002932878444
1050	0.002920402214	0.002843281254	0.002835923806
1049	0.002729374217	0.002699202858	0.002743543359
1048	0.00272612134	0.002709383611	0.002714382252
1047	0.002621952444	0.002639436163	0.002576665487
1046	0.002577472478	0.002532966668	0.002557134489
1045	0.002493577544	0.002464018064	0.00247796718
1044	0.002452017739	0.002371975686	0.002423099475
1043	0.002300999127	0.002316735219	0.00234562112
1042	0.00224768999	0.002271168167	0.002256966662
1041	0.002268410055	0.002224983182	0.002221683972
1040	0.002102247905	0.002084435895	0.002109711757
1039	0.002092170529	0.002016531071	0.002041367348
1038	0.002079784172	0.002062378917	0.002124163322
1037	0.002022525063	0.001999770291	0.001970321871
1036	0.001966022421	0.001956220949	0.001983508235
1035	0.001906593563	0.001870997017	0.001883057528
1034	0.001874295413	0.001839876175	0.00182587083
1033	0.001806398737	0.001792224823	0.001815646305
1032	0.001769068185	0.001760152518	0.001717549632
1031	0.001687706448	0.001638051937	0.001698655658
1030	0.001677662134	0.001623120392	0.001613266068
1029	0.001597858267	0.001608462073	0.001614832086
1028	0.001547669526	0.001493515214	0.001498276251
1027	0.001522150589	0.001424458693	0.001464300789
1026	0.001493340591	0.001462623128	0.001524994499
1025	0.001361857867	0.001286420738	0.001306412974
1024	0.001342814765	0.001342714997	0.001343075768
1023	0.001264428487	0.001220984035	0.001207120018
1022	0.001269678003	0.001176797086	0.001255292911
1021	0.001241375809	0.001123563969	0.001189269824
1020	0.001088717254	0.001064806478	0.001038526883
1019	0.001026292681	0.001010693377	0.0009978865273
1018	0.0009603496292	0.0008930884069	0.0009657673072
1017	0.0009124408243	0.0009368112078	0.0009282002575
1016	0.0008926151204	0.0008808434359	0.0008903892012
1015	0.0009199374472	0.0008460561512	0.0008924441063
1014	0.0008108835318	0.0007794728735	0.0007868045941
1013	0.0007862446364	0.000789024285	0.0008010005113
1012	0.0006824091543	0.0007500395295	0.0007930678548
1011	0.0006794402725	0.0007270730566	0.0007174336351
1010	0.0007155267522	0.0006694521289	0.0007479381748
1009	0.000665415253	0.0006831554347	0.0006724229315
1008	0.0006517568836	0.0006750820903	0.0006772686611
1007	0.0006269687437	0.0006519625313	0.0006352742203
1006	0.0006947033689	0.0006676312769	0.0006665901747
1005	0.000635466422	0.000652825518	0.0006374769146
1004	0.000645599328	0.0006327092997	0.0006779183168
1003	0.0006975667784	0.0006983669591	0.0006689140573
1002	0.0006387570174	0.0006370772608	0.0006748561864
1001	0.0006742504193	0.0006464442122	0.0006535308203
1000	0.0006339451065	0.0006754980423	0.0006641715299
999	0.0006658238126	0.0007388607482	0.0007034512819
998	0.0006343272398	0.0006233085296	0.0006489729276
997	0.0006567336968	0.0007010664558	0.0006815652596
996	0.0007026932435	0.0006902692257	0.0007104998222
995	0.0006645964459	0.0006932740798	0.0006372126518
994	0.0007792225806	0.000757860078	0.0007515380275
993	0.0007307144697	0.0007152967155	0.0007381419418
992	0.0007174390485	0.0007354390691	0.0006919568405
991	0.0006988091045	0.0006926925853	0.0007008748362
990	0.0006341334083	0.0005983056035	0.000644204556
989	0.0007047284162	0.0006623517256	0.0006823745207
988	0.0006307451404	0.0006212969311	0.0006352966884
987	0.0006309786695	0.0005690043909	0.0006303793634
986	0.0005547718029	0.0005131794605	0.0005185715854
985	0.0005792864831	0.0004615343641	0.0005457314546
984	0.0005217270227	0.0004331717209	0.0004283365852
983	0.0003823006991	0.0003080028109	0.0003686659911
982	0.0003012389061	0.0003262270766	0.0003121474583
981	0.0002518540714	0.0002355972829	0.0002316652681
980	0.0003318195813	0.0002883651759	0.0002347890841
979	0.0001652533101	0.0001009646439	0.0001894725574
978	0.0001665000309	0.0001619284449	0.0001617365051
977	0.0001789962698	0.0001242807775	0.0001267273765
976	0.0002085134329	0.0001247995388	0.0001293732639
975	0.0001432161953	0.0001708192431	0.0001476382313
974	0.0001671473001	0.0001384323405	0.0001370847458
973	7.49E-05	0.0001202470448	0.0001301233424
972	8.34E-05	1.97E-05	5.45E-06
971	0.0001016913666	8.46E-05	7.21E-05
970	2.43E-05	2.83E-05	9.33E-05
969	4.95E-05	8.63E-05	6.74E-05
968	4.48E-05	6.71E-05	8.53E-05
967	6.54E-05	5.90E-05	4.72E-05
966	-1.82E-05	-3.19E-06	2.35E-05
965	7.04E-05	4.02E-05	7.03E-05
964	-4.16E-06	4.04E-05	1.99E-05
963	0.0001045570825	0.0001227652683	6.63E-05
962	4.05E-05	3.08E-06	6.06E-05
961	4.00E-05	6.30E-06	1.07E-05
960	5.98E-05	1.90E-05	-3.92E-05
959	1.85E-05	5.94E-06	1.46E-05
958	6.12E-05	3.99E-05	7.20E-05
957	-9.37E-06	6.03E-05	1.87E-05
956	1.02E-05	-3.19E-05	-9.00E-06
955	4.16E-05	7.39E-05	4.93E-05
954	7.78E-06	-8.09E-06	6.06E-05
953	-1.49E-06	9.68E-06	-1.28E-05
952	-1.18E-05	-3.25E-05	-3.77E-05
951	-6.91E-05	-3.27E-06	-5.74E-05
950	3.80E-05	4.53E-05	4.18E-05
949	5.06E-05	5.26E-05	5.91E-05
948	1.13E-05	-2.01E-06	1.53E-06
947	7.94E-05	6.54E-05	0.0001203995125
946	-7.77E-06	-1.31E-05	-5.04E-05
945	3.51E-05	7.72E-05	4.10E-05
944	4.56E-05	-9.01E-06	2.08E-05
943	-2.16E-05	-9.00E-06	6.69E-06
942	3.22E-05	2.14E-05	2.73E-05
941	7.03E-05	3.44E-05	2.97E-05
940	-2.00E-05	-2.46E-06	-2.03E-05
939	0.0001228235487	7.09E-05	8.31E-05
938	1.97E-05	5.55E-05	6.03E-05
937	-1.12E-05	-9.35E-06	-2.10E-05
936	-1.52E-05	-3.52E-05	-4.07E-05
935	-1.01E-05	-3.10E-05	-1.16E-05
934	-2.62E-05	-3.50E-06	2.33E-05
933	-2.23E-05	-1.36E-05	-2.19E-05
932	-8.64E-07	3.91E-05	6.36E-05
931	8.23E-06	9.18E-06	7.40E-05
930	-4.30E-05	-1.36E-05	-4.85E-05
929	1.89E-05	3.32E-05	8.01E-05
928	1.63E-05	5.28E-05	4.09E-05
927	-5.44E-06	1.38E-05	-1.42E-05
926	-1.94E-05	-3.71E-05	3.03E-06
925	5.53E-05	1.31E-05	3.81E-05
924	-3.10E-05	-4.21E-05	3.44E-05
923	-1.64E-05	1.57E-05	4.49E-05
922	4.48E-05	-3.41E-06	1.24E-05
921	8.27E-05	8.30E-05	9.16E-05
920	2.20E-05	2.29E-05	1.54E-05
919	-1.82E-05	3.82E-05	1.76E-05
918	4.69E-05	1.72E-05	1.46E-05
917	1.25E-05	-5.15E-06	4.42E-05
916	2.39E-05	1.47E-05	4.58E-05
915	7.16E-05	9.07E-05	2.15E-05
914	1.70E-05	3.26E-06	1.16E-05
913	9.89E-06	4.14E-05	-1.41E-05
912	3.49E-06	3.50E-05	-2.19E-06
911	-1.70E-05	-1.68E-05	2.49E-05
910	3.72E-05	6.55E-05	1.44E-05
909	4.71E-05	7.53E-07	4.36E-05
908	2.67E-05	5.35E-06	3.52E-05
907	-1.00E-05	-6.73E-05	-3.58E-06
906	-5.03E-05	1.29E-05	3.42E-05
905	6.81E-05	-4.79E-06	3.33E-05
904	-7.05E-05	8.08E-06	2.42E-05
903	4.57E-05	4.17E-05	8.57E-05
902	-1.52E-06	1.75E-05	1.71E-06
901	-3.33E-05	-6.00E-07	2.90E-05
900	4.56E-05	-9.81E-06	1.80E-05
899	2.96E-05	-2.26E-05	-3.02E-05
898	-2.25E-06	-5.89E-05	-4.06E-05
897	9.34E-06	1.98E-05	1.69E-05
896	3.92E-05	3.69E-05	1.50E-05
895	-1.52E-05	-2.28E-05	2.02E-05
894	1.95E-05	2.25E-05	-5.69E-06
893	1.36E-05	-7.25E-06	-2.01E-05
892	1.42E-05	1.44E-05	-7.63E-07
891	4.14E-05	-4.91E-05	2.30E-05
890	-2.91E-05	-1.39E-05	1.62E-06
889	-3.93E-05	1.61E-05	6.59E-06
888	-5.70E-05	-2.55E-05	-1.66E-05
887	6.59E-05	3.61E-05	4.14E-05
886	0.0001106818527	9.14E-05	0.0001018855619
885	1.26E-05	-9.33E-08	-2.86E-05
884	-4.83E-05	-8.81E-05	-2.24E-05
883	2.56E-07	-1.97E-06	4.95E-06
882	-1.33E-05	3.38E-05	-1.61E-05
881	7.03E-06	1.81E-05	1.17E-05
880	-4.93E-06	3.57E-05	-7.45E-06
879	-2.30E-05	1.01E-05	6.58E-05
878	-1.57E-05	4.83E-05	4.44E-05
877	6.18E-05	5.62E-05	4.13E-05
876	-1.34E-05	-1.87E-05	5.50E-05
875	1.03E-05	3.81E-05	2.08E-05
874	5.09E-05	-2.48E-05	3.90E-06
873	2.89E-05	-7.27E-06	2.66E-05
872	1.87E-05	-3.18E-05	-1.69E-05
871	8.00E-05	5.49E-05	3.88E-05
870	-1.87E-05	-2.48E-06	-4.20E-05
869	-9.87E-06	3.02E-05	2.93E-05
868	4.36E-05	9.91E-05	4.51E-05
867	5.93E-06	-4.09E-06	8.15E-06
866	-5.59E-06	3.26E-05	-1.02E-06
865	0.0001035093301	3.97E-05	5.21E-05
864	4.99E-05	5.86E-06	3.55E-05
863	4.49E-05	6.76E-06	-9.05E-06
862	2.05E-05	5.80E-05	7.25E-05
861	2.34E-05	1.45E-05	2.82E-05
860	4.44E-05	2.66E-05	1.94E-05
859	6.25E-06	-6.45E-05	5.16E-06
858	6.69E-05	8.19E-05	0.0001108059441
857	1.98E-05	8.01E-05	5.66E-05
856	5.23E-05	2.52E-05	8.16E-05
855	0.0001007634055	6.83E-05	0.0001103316099
854	5.65E-06	5.17E-05	-7.16E-08
853	3.25E-06	5.92E-05	2.97E-05
852	7.21E-05	5.94E-05	6.96E-05
851	0.0001483205269	0.0001378051675	0.000140661301
850	0.0001057128538	0.0001009120897	0.0001052665903
849	0.0001468465343	0.0001712446683	0.0001144552225
848	0.0001060184877	9.49E-05	9.31E-05
847	0.0001363555348	0.0001461033244	0.0001300392905
846	0.0001083348252	0.0001122591711	8.55E-05
845	0.0001312006789	0.0001802640618	0.0001844469371
844	0.0002012478944	0.0002355095203	0.0002122742153
843	0.0002238306915	0.00019937045	0.0002328512201
842	0.000253292761	0.0002820949594	0.0002677903103
841	0.0002937512181	0.0003188149421	0.000324888184
840	0.0003372604842	0.0003439799184	0.0003485096968
839	0.0003505845962	0.0003599549818	0.000369749876
838	0.0004092367017	0.0003873855749	0.0004051993019
837	0.000390557223	0.0004025397648	0.0004204165598
836	0.0004547662102	0.0004263242299	0.0004216515808
835	0.0004292585654	0.0004021332716	0.0003913222754
834	0.0004311481898	0.0004237073881	0.0004002473434
833	0.0004123092513	0.0004130160378	0.0004191627668
832	0.0004095035838	0.0003907134524	0.0004025200615
831	0.0004023151123	0.0004099268699	0.0004136336502
830	0.0003950168903	0.0004247624893	0.0004190733889
829	0.0004046046233	0.0003936510475	0.0004167713632
828	0.0003887815692	0.0004069253919	0.0004168360319
827	0.0003960011236	0.0003973433631	0.0003549567773
826	0.0003662659437	0.0003776244121	0.000371075439
825	0.0003762759152	0.0003753880446	0.0003806306631
824	0.0003452902602	0.0003528805682	0.0003591999703
823	0.0003602981451	0.0003639097849	0.0003768626484
822	0.0003415018728	0.000341568375	0.0003696403874
821	0.0003562316124	0.000371588394	0.0003936238936
820	0.0003585613449	0.0003662350355	0.0003875050752
819	0.0003547965898	0.000353539479	0.0003598823678
818	0.0003683782124	0.0003493880213	0.0003630555875
817	0.000374894822	0.0003521005856	0.0003780200495
816	0.000345953129	0.0003531841794	0.0003606631653
815	0.0003803682048	0.0003745899885	0.0003804888984
814	0.0003550034016	0.0003837184049	0.000383687584
813	0.0003836818796	0.0003844240273	0.0003968582896
812	0.0003790996561	0.0003859052085	0.0003827033215
811	0.0004004353832	0.000423879188	0.0004095589393
810	0.000405646424	0.0004137949436	0.0003899041913
809	0.0004414262949	0.0004193423665	0.0004281601869
808	0.0004534347681	0.0004722720478	0.0004656737437
807	0.0004612618359	0.0004702883889	0.0004430484842
806	0.0004810636747	0.0004975397605	0.0004982016981
805	0.0005281977938	0.000550347555	0.0005010930472
804	0.0005637400318	0.0005597299314	0.0005630641826
803	0.0005539574777	0.0005884625134	0.000588343828
802	0.0006244183169	0.0006631147116	0.0006455414114
801	0.0006431847578	0.000682916434	0.0006640396896
800	0.0006734651979	0.0007075231406	0.0007011587149
799	0.0007473903242	0.0008026796277	0.0007605447317
798	0.0007970805163	0.000861920591	0.0008211620152
797	0.0008826989797	0.0009133201092	0.0008758437471
796	0.000913237338	0.0009639534401	0.0009523705812
795	0.0009749433957	0.001020829892	0.0009860661812
794	0.001045375364	0.00112509774	0.001071107225
793	0.001124699134	0.001207729336	0.001167947659
792	0.001183749409	0.001250678906	0.001202158397
791	0.001274186536	0.001361342263	0.001319031231
790	0.001324826269	0.001380956382	0.001384907402
789	0.001423083944	0.001498103025	0.001468067872
788	0.001498531434	0.001561120967	0.001542089158
787	0.001562507125	0.001647223835	0.001578653581
786	0.001621705596	0.001709885313	0.001678825705
785	0.001741961227	0.001796569442	0.0017817521
784	0.001807963476	0.001879150863	0.001854446949
783	0.001903007622	0.002003370784	0.001925787539
782	0.001962597016	0.002030341187	0.001987316879
781	0.002062919084	0.00214594556	0.002089828486
780	0.00215055747	0.002205336234	0.002192317042
779	0.002261922928	0.002364892513	0.002300908323
778	0.002344440203	0.002482008189	0.002404037397
777	0.002459816867	0.002581833396	0.00255498942
776	0.002605762566	0.002731126966	0.002680550097
775	0.002776701236	0.002875481034	0.002824887633
774	0.002937709214	0.003033588873	0.002987185959
773	0.003084252123	0.00318546989	0.003121162765
772	0.003294802736	0.003481166204	0.00339429779
771	0.003520810045	0.003711275058	0.003650613828
770	0.003758999053	0.004001910333	0.003910251893
769	0.0040615201	0.004370028619	0.004252725746
768	0.004431996029	0.00470311055	0.004628642462
767	0.0048396606	0.005167027935	0.004966374487
766	0.005318732467	0.005669979379	0.00550289033
765	0.005853111856	0.006289759651	0.006118728779
764	0.0064971135	0.006983487401	0.006751717068
763	0.007208986208	0.00780038815	0.007528867573
762	0.008086107671	0.008787835017	0.008456876501
761	0.009095165879	0.009919251315	0.009492149577
760	0.01023907214	0.01120371837	0.01076227892
759	0.01160764694	0.01279501989	0.0123080099
758	0.01333022956	0.01464005932	0.01412400603
757	0.01522838697	0.01677331887	0.01609923318
756	0.01753779314	0.01933171228	0.01851766743
755	0.02020020224	0.02230288461	0.02138841152
754	0.02336193621	0.02592499368	0.02476487681
753	0.02710323967	0.03002184443	0.02874186821
752	0.03134932742	0.03476141021	0.03332266584
751	0.03648002818	0.04047861695	0.03869358823
750	0.04241175577	0.04698070884	0.04495898634
749	0.04933010042	0.05477257073	0.0523141697
748	0.05726937205	0.06362521648	0.06061391905
747	0.06634604186	0.07356250286	0.07037613541
746	0.07713808119	0.08551474661	0.0816867426
745	0.0893042013	0.09914442152	0.09471473843
744	0.1035782173	0.1148957983	0.1098378226
743	0.1200138107	0.1332704872	0.1274742931
742	0.1389435977	0.1542352438	0.1472689658
741	0.1614559293	0.1794436127	0.1710027903
740	0.1877757907	0.20928514	0.1993272901
739	0.2188196629	0.2444020212	0.2325828224
738	0.2562364638	0.2868837416	0.2726357579
737	0.3011932671	0.3380467296	0.3208039403
736	0.3560245037	0.4010135829	0.3799887002
735	0.4240304828	0.4796729982	0.4535620511
734	0.5076178908	0.5762805343	0.5439820886
733	0.6132429242	0.7006272078	0.6591998339
732	0.7476694584	0.858186543	0.8057701588
731	0.9196607471	1.061997771	0.9943816066
730	1.145414472	1.331837058	1.242769003
729	1.433597207	1.676651835	1.559410572
728	1.827016711	2.151914358	1.995517135
727	2.348461151	2.788491964	2.574902296
726	3.053935528	3.653476	3.363323689
725	4.031224728	4.858078957	4.456762791
724	5.363617897	6.504802227	5.947809219
723	7.252299786	8.846222878	8.067950249
722	9.885607719	12.11604214	11.02372551
721	13.54219341	16.61894989	15.11782837
720	18.6720295	22.8429985	20.81777954
719	25.49614334	30.8868351	28.28870773
718	34.36087036	40.93717957	37.80288315
717	45.14057159	52.52767944	49.07743454
716	56.77211761	64.19940948	60.79598618
715	68.48386383	75.10746765	72.12506866
714	78.60594177	83.76313019	81.47644806
713	86.31522369	89.8510437	88.30274963
712	91.54060364	93.63386536	92.73693085
711	94.51156616	95.61308289	95.13248444
710	96.01315308	96.53807068	96.30005646
709	96.70756531	96.9229126	96.83331299
708	96.92237091	97.02600098	96.99154663
707	96.97399139	97.06051636	97.01729584
706	97.10933685	97.1904068	97.16223907
705	97.18733215	97.2940979	97.25171661
704	97.2766037	97.40528107	97.37882996
703	97.46759796	97.59934235	97.55373383
702	97.6187973	97.71512604	97.68665314
701	97.68172455	97.77037048	97.77276611
700	97.78782654	97.87877655	97.84906006
699	97.82143402	97.89521027	97.88941193
698	97.78752136	97.84311676	97.83927917
697	97.78180695	97.8484726	97.84346771
696	97.80138397	97.84920502	97.86946106
695	97.73931122	97.81263733	97.81474304
694	97.75482178	97.83695221	97.83255768
693	97.76612091	97.85957336	97.8572464
692	97.75839233	97.85566711	97.84792328
691	97.79741669	97.9054184	97.89424896
690	97.87114716	97.95998383	97.94792175
689	97.85969543	97.97787476	97.95256042
688	97.94301605	98.04202271	98.0096817
687	97.98162842	98.08854675	98.06282806
686	97.99983215	98.11555481	98.05618286
685	98.04967499	98.16894531	98.12268829
684	98.10432434	98.20582581	98.1678009
683	98.10958862	98.20972443	98.16124725
682	98.16334534	98.26015472	98.20795441
681	98.22053528	98.30875397	98.25831604
680	98.2162323	98.27774048	98.23993683
679	98.27696991	98.32247162	98.27513885
678	98.28347778	98.32484436	98.28664398
677	98.22559357	98.25239563	98.22276306
676	98.23281097	98.21230316	98.21421051
675	98.18160248	98.16049957	98.15857697
674	98.03984833	98.02422333	98.0102005
673	97.96530151	97.93134308	97.94419098
672	97.87108612	97.86470032	97.8387146
671	97.70449066	97.71884918	97.6998291
670	97.56262207	97.58596039	97.57691956
669	97.51161957	97.53540802	97.51376343
668	97.40060425	97.43321991	97.41714478
667	97.33441925	97.36658478	97.35056305
666	97.33729553	97.36846924	97.3521347
665	97.29283142	97.32537079	97.31280518
664	97.21852875	97.23723602	97.23396301
663	97.18910217	97.1885376	97.19493103
662	97.19612885	97.17594147	97.18978119
661	97.1792984	97.13406372	97.16188812
660	97.11097717	97.05357361	97.07948303
659	97.07927704	97.0230484	97.05003357
658	97.05619812	97.01158142	97.03958893
657	97.1178894	97.09430695	97.10339355
656	97.19796753	97.2008667	97.19797516
655	97.28805542	97.32529449	97.29869843
654	97.38037872	97.4338913	97.40635681
653	97.53549957	97.60018921	97.57837677
652	97.70117188	97.80582428	97.75606537
651	97.91448975	98.03033447	97.97506714
650	98.06710052	98.16345215	98.12981415
649	98.18325806	98.26384735	98.21734619
648	98.26570892	98.31504822	98.29029846
647	98.28184509	98.31729126	98.29965973
646	98.27786255	98.30670929	98.28575134
645	98.25326538	98.26083374	98.25508881
644	98.20948792	98.23763275	98.20776367
643	98.18650055	98.22255707	98.19886017
642	98.18217468	98.24490356	98.20713043
641	98.22962952	98.29029083	98.25273132
640	98.28522491	98.33818817	98.30903625
639	98.36304474	98.40786743	98.38420868
638	98.40670776	98.42804718	98.42141724
637	98.42886353	98.40894318	98.42230225
636	98.34890747	98.27078247	98.32657623
635	98.19530487	98.07106781	98.13196564
634	97.97418976	97.77720642	97.85526276
633	97.67261505	97.42403412	97.52689362
632	97.28233337	97.00815582	97.11248016
631	96.88635254	96.60646057	96.71393585
630	96.52482605	96.26262665	96.36094666
629	96.23336792	95.98917389	96.05334473
628	96.00012207	95.83717346	95.87610626
627	95.93515778	95.85397339	95.86354828
626	95.98741913	95.98575592	95.95527649
625	96.16873932	96.21881104	96.18909454
624	96.41191864	96.48602295	96.44992065
623	96.62123108	96.69529724	96.67167664
622	96.8371048	96.914711	96.9128418
621	97.02264404	97.06742859	97.0721817
620	97.12623596	97.11901093	97.1631012
619	97.18296814	97.12794495	97.20735168
618	97.14296722	97.06549072	97.13987732
617	97.06724548	96.95526886	97.04577637
616	96.96107483	96.84823608	96.93782043
615	96.90398407	96.81832886	96.86988831
614	96.89382172	96.80226135	96.8768692
613	96.9081192	96.90673065	96.97485352
612	97.02713776	97.08397675	97.11801147
611	97.25268555	97.33569336	97.36549377
610	97.50203705	97.61056519	97.63098145
609	97.75569153	97.86495972	97.87748718
608	98.01582336	98.14040375	98.14489746
607	98.2453537	98.33109283	98.36746979
606	98.41259766	98.4849472	98.52013397
605	98.52796173	98.56600189	98.61729431
604	98.56694031	98.58355713	98.61868286
603	98.54441833	98.54283142	98.59418488
602	98.47133636	98.46094513	98.5173111
601	98.38994598	98.38677979	98.42946625
600	98.28202057	98.29297638	98.32569885
599	98.21268463	98.23485565	98.28249359
598	98.1506958	98.19098663	98.21776581
597	98.13793945	98.18913269	98.22507477
596	98.16313171	98.22566986	98.25286865
595	98.21990204	98.28699493	98.31485748
594	98.29035187	98.33322144	98.32441711
593	98.34924316	98.3331604	98.32874298
592	98.40037537	98.33957672	98.35149384
591	98.35063171	98.25386047	98.28858185
590	98.22002411	98.09918213	98.13235474
589	98.10100555	97.95990753	97.99541473
588	97.93487549	97.79155731	97.82212067
587	97.73828125	97.62361908	97.62693787
586	97.61804962	97.52536774	97.54576874
585	97.4793396	97.41130066	97.42554474
584	97.42582703	97.36024475	97.37380219
583	97.32427979	97.22842407	97.26837158
582	97.21618652	97.0960083	97.15335083
581	96.98596954	96.83918762	96.90701294
580	96.74026489	96.52980042	96.63318634
579	96.34484863	96.09207916	96.20691681
578	95.88402557	95.53834534	95.74914551
577	95.2848587	94.91632843	95.12011719
576	94.53636169	93.99442291	94.26715088
575	93.34883881	92.49293518	92.94582367
574	91.01957703	89.41368103	90.3112793
573	86.40611267	83.37497711	84.98493958
572	77.63703918	72.76868439	75.28585052
571	64.35176086	58.01717758	61.14231491
570	47.73067474	41.31708908	44.30414963
569	31.91297722	26.70853996	29.03155327
568	19.53802109	16.0375309	17.55852699
567	11.35693741	9.269994736	10.16059303
566	6.569367409	5.391823769	5.899513721
565	3.839788198	3.180842161	3.468129396
564	2.288528681	1.915102839	2.080713987
563	1.409829736	1.189527631	1.289584637
562	0.8774282336	0.7450855374	0.8063830137
561	0.5560474396	0.4734071791	0.5120211244
560	0.3548758328	0.3022012413	0.3265583515
559	0.2257635295	0.1918740124	0.2077282816
558	0.1446639746	0.1227484792	0.1327317506
557	0.09173446149	0.07770708203	0.08411908895
556	0.05841049552	0.04947232082	0.05348932371
555	0.03732130677	0.03165088594	0.03410207853
554	0.02392485552	0.02035878785	0.0219577942
553	0.01560288947	0.01334185526	0.014348072
552	0.01034312416	0.008909353055	0.009558792226
551	0.00697377976	0.006032038014	0.006439754274
550	0.00486630667	0.004252211656	0.004501163028
549	0.003432698548	0.003036071314	0.003234186443
548	0.002508658683	0.00223332434	0.002359486418
547	0.001837226562	0.001682928065	0.001768927206
546	0.001430181786	0.001281832578	0.001352752093
545	0.001100208727	0.001010177308	0.001062403084
544	0.0008692088304	0.0008009391604	0.0008373411838
543	0.0006868155324	0.0006224264507	0.0006598164327
542	0.0005508782342	0.0005047041923	0.0005303494981
541	0.0004491391301	0.0004038424813	0.0004334341211
540	0.0003544213832	0.0003283031401	0.0003450512595
539	0.0002995794348	0.000266797404	0.0002827063436
538	0.0002309957636	0.0002019902022	0.0002156806586
537	0.0002044582507	0.0001799145102	0.0001906605321
536	0.000163611985	0.000151714572	0.0001627329184
535	0.0001639561669	0.0001260712161	0.0001489337592
534	0.0001245661406	0.0001047732876	0.0001185632718
533	0.0001405690127	0.0001130151795	0.0001390194666
532	0.0001248165936	0.000100054036	0.0001214833537
531	0.0001228138572	9.78E-05	0.0001139007363
530	0.0001263884624	0.0001004613659	0.0001127880532
529	0.00011755585	9.25E-05	0.0001058752241
528	0.0001199867402	0.0001055696775	0.0001168030722
527	0.0001254725357	0.0001103953182	0.0001129179873
526	0.0001256174	0.0001059376664	0.0001158348023
525	0.0001144281778	9.21E-05	0.0001145066199
524	0.0001215134034	1.00E-04	0.0001161498949
523	0.0001346786157	0.0001082329254	0.0001256630785
522	0.0001341169118	0.0001073565145	0.0001229721092
521	0.0001167093506	9.78E-05	0.0001213115975
520	0.0001219142723	0.0001059725255	0.000114789611
519	0.0001285396283	0.0001069836799	0.0001096345804
518	0.0001148614247	0.000100908379	0.000100959347
517	0.0001145606657	9.63E-05	0.0001057346235
516	0.0001238270779	9.87E-05	0.0001177966842
515	0.0001144753114	0.0001018480689	0.0001163327179
514	0.000115926443	0.0001000716147	0.0001121969253
513	0.0001274506067	0.0001078086134	0.0001180022882
512	0.0001224706648	0.0001013775327	0.0001202392377
511	0.0001213562646	9.68E-05	0.000117424046
510	0.0001161165783	1.00E-04	0.0001139744563
509	0.0001358527807	0.0001173158016	0.0001159538224
508	0.0001347353245	0.0001119657318	0.0001226830354
507	0.0001302754099	9.98E-05	0.0001304595935
506	0.0001292821253	0.0001153147314	0.0001242322323
505	0.0001293993409	0.0001104842886	0.0001264939201
504	0.000141983488	0.000119970151	0.0001357123838
503	0.0001425165392	0.000111420879	0.0001298992574
502	0.0001356812863	0.0001085542099	0.0001251646318
501	0.0001256906107	9.83E-05	0.0001156184007
500	0.0001256269898	0.0001080394795	0.0001284852769
499	0.0001326861675	0.0001135154525	0.0001261655998
498	0.000126467552	0.0001045048775	0.0001143853879
497	0.000116345007	0.0001014408917	0.0001143056215
496	0.0001242723811	9.65E-05	0.0001149413947
495	0.0001239999401	0.0001188169699	0.0001221832063
494	0.0001349278755	0.0001126895513	0.0001259640849
493	0.0001363646734	0.0001190232288	0.0001227446483
492	0.0001313699031	0.0001192180644	0.0001315309491
491	0.0001364824566	0.0001140442837	0.0001315937261
490	0.0001408576791	0.0001156204817	0.0001193796852
489	0.00015159139	0.0001232788491	0.0001340094459
488	0.0001568418229	0.0001329554652	0.0001464529923
487	0.0001465910755	0.0001168683521	0.0001308870706
486	0.0001449130796	0.0001199667604	0.0001410130208
485	0.0001384349162	0.0001181392581	0.0001339332375
484	0.0001229793561	0.0001120229063	0.0001278040145
483	0.0001300440053	0.0001134449703	0.0001255649113
482	0.0001307717466	0.000120599645	0.0001413024584
481	0.0001244630257	0.0001093490573	0.0001247036998
480	0.000128058542	0.0001132453108	0.0001221397688
479	0.0001297765557	0.0001115174091	0.0001224096195
478	0.0001458318147	0.0001210407936	0.0001288695494
477	0.000137122639	0.0001184866851	0.0001322563039
476	0.0001550924353	0.0001354433771	0.0001397594751
475	0.0001429590193	0.000116488387	0.0001417962194
474	0.0001478007907	0.000122997546	0.0001489542337
473	0.0001515763142	0.0001388442179	0.000141048673
472	0.0001385187352	0.0001237098768	0.0001437273022
471	0.0001515561162	0.0001232143841	0.0001407164091
470	0.0001417694293	0.0001183378263	0.0001291059743
469	0.000134300295	0.0001130720557	0.0001271556976
468	0.0001292657253	0.000118441174	0.0001283574529
467	0.0001339861628	0.000121309924	0.0001408602111
466	0.000140080956	0.0001164577407	0.0001224836888
465	0.0001352107938	0.0001201419	0.0001314549881
464	0.0001436912862	0.000119551034	0.0001344664779
463	0.000131013483	0.0001222637075	0.0001245127642
462	0.000132391433	0.0001293151727	0.0001399321191
461	0.0001338923466	0.0001261868019	0.0001286084589
460	0.0001334727713	0.0001190688199	0.0001250762143
459	0.000142901481	0.0001361602481	0.0001424110378
458	0.0001413998252	0.0001350900566	0.0001394413703
457	0.0001348523947	0.0001412599959	0.0001350138045
456	0.0001277806732	0.0001236539101	0.000125228602
455	0.0001322849857	0.0001371015533	0.0001358916779
454	0.0001202408021	0.000121945377	0.0001188187962
453	0.0001323521719	0.0001273384114	0.000135450915
452	0.0001321267337	0.0001380520698	0.0001292376546
451	0.0001163472261	0.0001276546682	0.0001308044302
450	0.0001387847151	0.0001321012096	0.0001409943216
449	0.0001367914665	0.0001317896822	0.0001345274359
448	0.000129702079	0.0001232062059	0.0001235040545
447	0.0001377987064	0.0001422173518	0.0001314273104
446	0.0001487883128	0.0001417396124	0.0001483297237
445	0.000133878726	0.0001422591886	0.0001207041933
444	0.0001565989805	0.0001405502117	0.0001411156845
443	0.0001466382673	0.0001390270336	0.0001399386238
442	0.0001531586167	0.0001313203247	0.000136791874
441	0.0001427458192	0.0001416002488	0.0001415885636
440	0.0001339755981	0.0001288027124	0.0001317669812
439	0.0001440087217	0.0001437970641	0.0001257322438
438	0.000141816301	0.0001379705209	0.0001424192451
437	0.0001524966647	0.0001504589454	0.0001608284656
436	0.0001556728821	0.0001455581514	0.0001433431316
435	0.0001458304323	0.0001409851102	0.0001413119899
434	0.0001528844441	0.0001502122759	0.0001523115498
433	0.0001496295445	0.0001421340421	0.0001455482707
432	0.0001639878465	0.0001492579613	0.0001641372655
431	0.000135882452	0.0001396450971	0.0001417751337
430	0.0001420381304	0.0001422291534	0.0001476480684
429	0.0001463212102	0.0001549830922	0.0001458132901
428	0.0001677335822	0.000159814721	0.0001652102364
427	0.0001408899261	0.0001483805972	0.0001463179651
426	0.0001463753579	0.0001619945542	0.0001628459868
425	0.0001597397641	0.0001561460813	0.0001614462381
424	0.0001660006819	0.0001604444988	0.000168356637
423	0.0001574361813	0.0001579842501	0.0001569122396
422	0.0001728801726	0.0001552335016	0.000162031778
421	0.0001562282851	0.0001598706149	0.0001645339653
420	0.0001815889118	0.0001605954167	0.0001768578513
419	0.0001585434511	0.0001668528857	0.0001641104609
418	0.0001764237968	0.000165724734	0.0001620819385
417	0.0002166981139	0.0002284711663	0.0002097013785
416	0.0002602562599	0.0002687603119	0.000247850985
415	0.0002701506019	0.0002462881966	0.0002486312296
414	0.0002162293385	0.0002044922003	0.0002168070932
413	0.0001912514126	0.0001982446265	0.0001984843257
412	0.0002077343815	0.0001932819723	0.0001931273728
411	0.0002141637815	0.0002165698097	0.0002146032057
410	0.0002583120367	0.0002772743173	0.0002622592438
409	0.0003433662641	0.0003399947309	0.0003459067375
408	0.0003442262241	0.0003384938755	0.0003434553801
407	0.0002766365069	0.0002745679813	0.0002842991671
406	0.0002533497172	0.0002471573243	0.0002451896144
405	0.0002420097444	0.0002372045128	0.0002389652946
404	0.0002358037309	0.000232999475	0.0002259984758
403	0.0002393503964	0.0002475943766	0.0002411187306
402	0.0002682628692	0.0002800725633	0.0002800025977
401	0.0003038624418	0.0003214002063	0.0003224899119
400	0.0003621982469	0.0003670498845	0.0003522992192
399	0.0003637296322	0.0003502235922	0.0003708865261
398	0.0003021956654	0.0003033551911	0.000296449929
397	0.0002974261297	0.0002849167795	0.0002807764977
396	0.0002712609421	0.0002693943388	0.0002720209304
395	0.0002704259823	0.0002802687522	0.0002630791278
394	0.0003059571027	0.0003118612512	0.0003303855192
393	0.0003866391198	0.0004020001506	0.0003920791787
392	0.000411208428	0.0004192694614	0.0004242173745
391	0.0003312199842	0.0003071199171	0.0003177848994
390	0.0002771655854	0.0002677345183	0.0002609691292
389	0.0002691319096	0.0002607263741	0.0002391241869
388	0.0002666191722	0.0002818264475	0.0002792617015
387	0.0002740617783	0.0002721572528	0.000270196062
386	0.0002729780972	0.0002528808545	0.0002487438906
385	0.0002537022228	0.0002479928953	0.000249822624
384	0.0002611188684	0.000243531118	0.0002389413276
383	0.0002319023624	0.0002373928	0.0002253846615
382	0.000254477316	0.0002411250607	0.0002409040026
381	0.0002567586198	0.0002321273496	0.0002603219764
380	0.0002077239478	0.0002310890559	0.0002202627948
379	0.000246727257	0.0002260616166	0.0002348747948
378	0.0002328353294	0.0002417369105	0.0002408313594
377	0.0002289762779	0.0002164102625	0.0002160341246
376	0.0002460829273	0.0002425907296	0.0002342926309
375	0.0002437128423	0.0002560066059	0.0002402641549
374	0.0002443468838	0.0002572079829	0.0002459415118
373	0.0002384480904	0.0002463106648	0.0002363153762
372	0.0002547712938	0.0002552248479	0.0002654163982
371	0.0002635807905	0.0002611828095	0.0002602933382
370	0.0002455709036	0.0002430559834	0.0002412810572
369	0.0002456119109	0.0002540200949	0.0002559189452
368	0.0002487914171	0.0002385351545	0.0002402874816
367	0.0002539900888	0.0002545154712	0.000252622267
366	0.000280998036	0.000274150545	0.0002678913879
365	0.0002760530042	0.000257896696	0.0002793943568
364	0.0002642782347	0.000289801188	0.0002644866181
363	0.0002830435405	0.0002673507843	0.0002647851361
362	0.0002819045912	0.00025839507	0.0002842570539
361	0.000295980688	0.000264186383	0.0002662787447
360	0.0002860405075	0.0002885929425	0.0002909675823
359	0.0002798391506	0.000278443913	0.0002912359778
358	0.0002837378124	0.0003125858493	0.000293255056
357	0.0002974200761	0.0002885578724	0.0003040352312
356	0.0002992226509	0.0003073989647	0.0002832394384
355	0.0003098149318	0.0003068417136	0.0003007437044
354	0.0003197632614	0.0003073708212	0.0002872349869
353	0.0003073601401	0.0003245979897	0.0003092332336
352	0.0003276002244	0.0003091704566	0.0003119684698
351	0.0003210114373	0.0003343185235	0.0003409138008
350	0.0003320813994	0.0003073370317	0.0003185163368
349	0.0002998766431	0.0003888988867	0.0002877273946
348	0.000334017619	0.0003150960838	0.0002491344931
347	0.0003331981134	0.0003586252278	0.0003265660198
346	0.0003140293411	0.0003036692215	0.0002857025829
345	0.0003644630488	0.0002914917422	0.0003559423785
344	0.000322988024	0.0003138127213	0.0002992746304
343	0.0003041543823	0.0002903729619	0.0003152235004
342	0.0002903377754	0.0002896908554	0.0003426700423
341	0.0003296007344	0.0003663323878	0.0003209745919
340	0.0003253990435	0.0003248486319	0.000292015844
339	0.0003203939414	0.0003061586176	0.0003313685593
338	0.000286321243	0.0002938245307	0.0003501034807
337	0.0003208863491	0.0002951675269	0.0003034115944
336	0.0003452795791	0.0003264668921	0.0003038009745
335	0.0003433800302	0.0003038396244	0.0002909368486
334	0.0003058115253	0.0003036554845	0.0003395834647
333	0.0003794784425	0.0003194774326	0.0003243636747
332	0.00032667091	0.0003049360239	0.0002720069024
331	0.0003466036869	0.0003445094626	0.0003238442587
330	0.0003117579909	0.0003024818725	0.0003218689235
329	0.0002839371737	0.0002905224101	0.0003376645618
328	0.0002900710097	0.0003093915293	0.0003081397736
327	0.0002855141647	0.0003166673123	0.0002794528555
326	0.0003242137027	0.0002949454356	0.0003565730585
325	0.0003156742896	0.000337187259	0.00032387182
324	0.0003470567171	0.0003612352593	0.0003348183236
323	0.0003306050494	0.0002961207647	0.0003021717712
322	0.0003112844424	0.0003340005933	0.0003092104744
321	0.0002891979821	0.0002767987025	0.0002741664648
320	0.0002704801445	0.0003072324907	0.0003302819096
319	0.0003291727335	0.000281331304	0.0002907208982
318	0.0002928711765	0.0002973265364	0.0002884405549
317	0.0002776768233	0.0002816232736	0.0003014330578
316	0.0002960632264	0.0002924551663	0.0002964997257
315	0.0002958950645	0.0002977811673	0.0003215115285
314	0.0003263565013	0.0003189574345	0.0003108828969
313	0.000319441082	0.0002727146784	0.0002938898397
312	0.0002953944495	0.0002668158559	0.0002742511278
311	0.0002937383833	0.0002905525325	0.0002819836664
310	0.0003089761012	0.0003036359558	0.0003115536529
309	0.0003228309215	0.000292570563	0.0003075679997
308	0.0003219149949	0.0003158432664	0.0002971047943
307	0.0003111178521	0.0002968951594	0.0002766389225
306	0.0002971355862	0.0003124113719	0.0002808033314
305	0.0002816703927	0.0002709763648	0.0002739233605
304	0.0003244012187	0.0003081957984	0.0002799661015
303	0.0002911891206	0.0002961174177	0.0003219278587
302	0.0003043172474	0.0002818713256	0.0002975369571
301	0.0003500320308	0.0002866337018	0.0002760783536
300	0.0002918806567	0.0003005093313	0.0002770812716
